soluciones
íteraciones	 	 	    x1	 	 	         x2	 	 	 	    x3	 	 	 	     Error
1	              2.00000	               3.00000	              0.10000
5.000142e-01	              0.50001	               0.10000	              0.00159
1.588591e-03	             -0.10000	              -0.52356	             -0.52356
NaN	              0.42356	               0.00000	             0.50001
5.000142e-01	              0.10000	               0.00159	               0.00159	             -0.10000
-5.235570e-01	             -0.52356	               0.42356	               0.00000	 000	              0.00000	        -0.02589	               0.00004	              8.46198
 
3	              0.00004	              -0.02589	               0.00004	              1.00000
 
