íteraciones	 	        xn=f(xn)	 	 	      f(xn)	 	 	       Error estimado	 	 	       f(x)
1	 	 	 	 	    0.125000000000000	    0.017578125000000	    0.054720336843966	            x^2 + x^3
2	 	 	 	 	    0.107421875000000	     0.012779049575329
3	 	 	 	 	    0.094642825424671	     0.009805005215670
4	 	 	 	 	    0.084837820209001	     0.007808072193662
5	 	 	 	 	    0.077029748015340	     0.006390644411704
6	 	 	 	 	    0.070639103603636	     0.005342363817160
7	 	 	 	 	    0.065296739786476	     0.004542067600293
8	 	 	 	 	    0.060754672186182	     0.003915383597289
9	 	 	 	 	    0.056839288588893	     0.003414335685631
10	 	 	 	 	    0.053424952903262	     0.003006712460582
11	 	 	 	 	    0.050418240442680	     0.002670162084577
12	 	 	 	 	    0.047748078358103	     0.002388738827405
13	 	 	 	 	    0.045359339530698	     0.002150795148571
14	 	 	 	 	    0.043208544382127	     0.001947647722688
15	 	 	 	 	    0.041260896659439	     0.001772706685002
16	 	 	 	 	    0.039488189974437	     0.001620891759206
17	 	 	 	 	    0.037867298215231	     0.001488231415166
18	 	 	 	 	    0.036379066800065	     0.001371581886128
19	 	 	 	 	    0.035007484913937	     0.001268426512941
20	 	 	 	 	    0.033739058400996	     0.001176730043786
21	 	 	 	 	    0.032562328357210	     0.001094831235037
22	 	 	 	 	    0.031467497122173	     0.001021362596991
23	 	 	 	 	    0.030446134525182	     0.000955189672782
24	 	 	 	 	    0.029490944852400	     0.000895364569817
25	 	 	 	 	    0.028595580282584	     0.000841090023917
26	 	 	 	 	    0.027754490258666	     0.000791691338911
27	 	 	 	 	    0.026962798919755	     0.000746594278871
28	 	 	 	 	    0.026216204640884	     0.000705307504958
29	 	 	 	 	    0.025510897135926	     0.000667408514353
30	 	 	 	 	    0.024843488621573	     0.000632532301408
31	 	 	 	 	    0.024210956320165	     0.000600362152031
32	 	 	 	 	    0.023610594168134	     0.000570622122504
33	 	 	 	 	    0.023039972045631	     0.000543070857809
34	 	 	 	 	    0.022496901187821	     0.000517496482382
35	 	 	 	 	    0.021979404705439	     0.000493712354824
36	 	 	 	 	    0.021485692350615	     0.000471553522853
37	 	 	 	 	    0.021014138827762	     0.000450873748939
38	 	 	 	 	    0.020563265078824	     0.000431543003555
39	 	 	 	 	    0.020131722075268	     0.000413445343534
40	 	 	 	 	    0.019718276731734	     0.000396477109068
41	 	 	 	 	    0.019321799622667	     0.000380545385609
42	 	 	 	 	    0.018941254237058	     0.000365566686920
43	 	 	 	 	    0.018575687550139	     0.000351465823524
44	 	 	 	 	    0.018224221726615	     0.000338174927203
45	 	 	 	 	    0.017886046799412	     0.000325632607328
46	 	 	 	 	    0.017560414192084	     0.000313783218975
47	 	 	 	 	    0.017246630973109	     0.000302576226147
48	 	 	 	 	    0.016944054746962	     0.000291965646182
49	 	 	 	 	    0.016652089100780	     0.000281909563701
50	 	 	 	 	    0.016370179537080	     0.000272369704266
51	 	 	 	 	    0.016097809832814	     0.000263311059505
52	 	 	 	 	    0.015834498773308	     0.000254701556678
53	 	 	 	 	    0.015579797216630	     0.000246511766757
54	 	 	 	 	    0.015333285449873	     0.000238714645951
55	 	 	 	 	    0.015094570803923	     0.000231285306357
56	 	 	 	 	    0.014863285497566	     0.000224200812026
57	 	 	 	 	    0.014639084685540	     0.000217439997274
58	 	 	 	 	    0.014421644688266	     0.000210983304491
59	 	 	 	 	    0.014210661383774	     0.000204812639092
60	 	 	 	 	    0.014005848744682	     0.000198911239558
61	 	 	 	 	    0.013806937505125	     0.000193263560799
62	 	 	 	 	    0.013613673944326	     0.000187855169292
63	 	 	 	 	    0.013425818775034	     0.000182672648653
64	 	 	 	 	    0.013243146126381	     0.000177703514467
65	 	 	 	 	    0.013065442611914	     0.000172936137356
66	 	 	 	 	    0.012892506474558	     0.000168359673377
67	 	 	 	 	    0.012724146801181	     0.000163964000960
68	 	 	 	 	    0.012560182800222	     0.000159739663704
69	 	 	 	 	    0.012400443136517	     0.000155677818399
70	 	 	 	 	    0.012244765318118	     0.000151770187739
71	 	 	 	 	    0.012092995130379	     0.000148009017255
72	 	 	 	 	    0.011944986113123	     0.000144387036032
73	 	 	 	 	    0.011800599077091	     0.000140897420837
74	 	 	 	 	    0.011659701656254	     0.000137533763327
75	 	 	 	 	    0.011522167892926	     0.000134290040029
76	 	 	 	 	    0.011387877852897	     0.000131160584834
77	 	 	 	 	    0.011256717268064	     0.000128140063764
78	 	 	 	 	    0.011128577204300	     0.000125223451802
79	 	 	 	 	    0.011003353752498	     0.000122406011586
80	 	 	 	 	    0.010880947740912	     0.000119683273807
81	 	 	 	 	    0.010761264467105	     0.000117051019149
82	 	 	 	 	    0.010644213447956	     0.000114505261645
83	 	 	 	 	    0.010529708186311	     0.000112042233299
84	 	 	 	 	    0.010417665953012	     0.000109658369900
85	 	 	 	 	    0.010308007583113	     0.000107350297889
86	 	 	 	 	    0.010200657285224	     0.000105114822216
87	 	 	 	 	    0.010095542463008	     0.000102948915084
88	 	 	 	 	    0.009992593547924	     0.000100849705524
89	 	 	 	 	    0.009891743842400	     0.000098814469710
90	 	 	 	 	    0.009792929372691	     0.000096840621979
91	 	 	 	 	    0.009696088750712	     0.000094925706478
92	 	 	 	 	    0.009601163044233	     0.000093067389399
93	 	 	 	 	    0.009508095654834	     0.000091263451748
94	 	 	 	 	    0.009416832203085	     0.000089511782616
95	 	 	 	 	    0.009327320420470	     0.000087810372901
96	 	 	 	 	    0.009239510047569	     0.000086157309457
97	 	 	 	 	    0.009153352738112	     0.000084550769631
98	 	 	 	 	    0.009068801968481	     0.000082989016158
99	 	 	 	 	    0.008985812952323	     0.000081470392393
100	 	 	 	 	    0.008904342559930	     0.000079993317851
101	 	 	 	 	    0.008824349242080	     0.000078556284029
102	 	 	 	 	    0.008745792958051	     0.000077157850500
103	 	 	 	 	    0.008668635107551	     0.000075796641247
104	 	 	 	 	    0.008592838466304	     0.000074471341230
105	 	 	 	 	    0.008518367125075	     0.000073180693161
106	 	 	 	 	    0.008445186431914	     0.000071923494480
107	 	 	 	 	    0.008373262937434	     0.000070698594514
108	 	 	 	 	    0.008302564342921	     0.000069504891805
109	 	 	 	 	    0.008233059451116	     0.000068341331600
110	 	 	 	 	    0.008164718119516	     0.000067206903489
111	 	 	 	 	    0.008097511216027	     0.000066100639177
112	 	 	 	 	    0.008031410576850	     0.000065021610395
113	 	 	 	 	    0.007966388966456	     0.000063968926921
114	 	 	 	 	    0.007902420039534	     0.000062941734724
115	 	 	 	 	    0.007839478304810	     0.000061939214203
116	 	 	 	 	    0.007777539090607	     0.000060960578535
117	 	 	 	 	    0.007716578512073	     0.000060005072106
118	 	 	 	 	    0.007656573439966	     0.000059071969041
119	 	 	 	 	    0.007597501470925	     0.000058160571798
120	 	 	 	 	    0.007539340899127	     0.000057270209854
121	 	 	 	 	    0.007482070689273	     0.000056400238455
122	 	 	 	 	    0.007425670450818	     0.000055550037432
123	 	 	 	 	    0.007370120413386	     0.000054719010083
124	 	 	 	 	    0.007315401403303	     0.000053906582112
125	 	 	 	 	    0.007261494821191	     0.000053112200628
126	 	 	 	 	    0.007208382620563	     0.000052335333188
127	 	 	 	 	    0.007156047287375	     0.000051575466896
128	 	 	 	 	    0.007104471820479	     0.000050832107547
129	 	 	 	 	    0.007053639712931	     0.000050104778814
130	 	 	 	 	    0.007003534934118	     0.000049393021471
131	 	 	 	 	    0.006954141912647	     0.000048696392668
132	 	 	 	 	    0.006905445519978	     0.000048014465227
133	 	 	 	 	    0.006857431054751	     0.000047346826982
134	 	 	 	 	    0.006810084227770	     0.000046693080149
135	 	 	 	 	    0.006763391147621	     0.000046052840727
136	 	 	 	 	    0.006717338306894	     0.000045425737927
137	 	 	 	 	    0.006671912568967	     0.000044811413628
138	 	 	 	 	    0.006627101155339	     0.000044209521865
139	 	 	 	 	    0.006582891633474	     0.000043619728327
140	 	 	 	 	    0.006539271905147	     0.000043041709899
141	 	 	 	 	    0.006496230195249	     0.000042475154204
142	 	 	 	 	    0.006453755041045	     0.000041919759185
143	 	 	 	 	    0.006411835281860	     0.000041375232692
144	 	 	 	 	    0.006370460049167	     0.000040841292097
145	 	 	 	 	    0.006329618757070	     0.000040317663922
146	 	 	 	 	    0.006289301093149	     0.000039804083484
147	 	 	 	 	    0.006249497009665	     0.000039300294559
148	 	 	 	 	    0.006210196715106	     0.000038806049060
149	 	 	 	 	    0.006171390666045	     0.000038321106725
150	 	 	 	 	    0.006133069559320	     0.000037845234823
151	 	 	 	 	    0.006095224324497	     0.000037378207875
152	 	 	 	 	    0.006057846116622	     0.000036919807378
153	 	 	 	 	    0.006020926309244	     0.000036469821554
154	 	 	 	 	    0.005984456487690	     0.000036028045099
155	 	 	 	 	    0.005948428442591	     0.000035594278945
156	 	 	 	 	    0.005912834163647	     0.000035168330036
157	 	 	 	 	    0.005877665833610	     0.000034750011112
158	 	 	 	 	    0.005842915822498	     0.000034339140499
159	 	 	 	 	    0.005808576681999	     0.000033935541910
160	 	 	 	 	    0.005774641140089	     0.000033539044254
161	 	 	 	 	    0.005741102095835	     0.000033149481454
162	 	 	 	 	    0.005707952614381	     0.000032766692271
163	 	 	 	 	    0.005675185922110	     0.000032390520136
164	 	 	 	 	    0.005642795401973	     0.000032020812987
165	 	 	 	 	    0.005610774588987	     0.000031657423113
166	 	 	 	 	    0.005579117165873	     0.000031300207011
167	 	 	 	 	    0.005547816958863	     0.000030949025234
168	 	 	 	 	    0.005516867933629	     0.000030603742262
169	 	 	 	 	    0.005486264191367	     0.000030264226363
170	 	 	 	 	    0.005455999965004	     0.000029930349474
171	 	 	 	 	    0.005426069615530	     0.000029601987070
172	 	 	 	 	    0.005396467628460	     0.000029279018055
173	 	 	 	 	    0.005367188610404	     0.000028961324645
174	 	 	 	 	    0.005338227285760	     0.000028648792259
175	 	 	 	 	    0.005309578493501	     0.000028341309418
176	 	 	 	 	    0.005281237184083	     0.000028038767643
177	 	 	 	 	    0.005253198416440	     0.000027741061358
178	 	 	 	 	    0.005225457355082	     0.000027448087797
179	 	 	 	 	    0.005198009267286	     0.000027159746916
180	 	 	 	 	    0.005170849520369	     0.000026875941307
181	 	 	 	 	    0.005143973579062	     0.000026596576111
182	 	 	 	 	    0.005117377002952	     0.000026321558943
183	 	 	 	 	    0.005091055444009	     0.000026050799814
184	 	 	 	 	    0.005065004644195	     0.000025784211053
185	 	 	 	 	    0.005039220433142	     0.000025521707240
186	 	 	 	 	    0.005013698725902	     0.000025263205136
187	 	 	 	 	    0.004988435520766	     0.000025008623613
188	 	 	 	 	    0.004963426897153	     0.000024757883596
189	 	 	 	 	    0.004938669013557	     0.000024510907993
190	 	 	 	 	    0.004914158105564	     0.000024267621644
191	 	 	 	 	    0.004889890483919	     0.000024027951258
192	 	 	 	 	    0.004865862532662	     0.000023791825356
193	 	 	 	 	    0.004842070707306	     0.000023559174223
194	 	 	 	 	    0.004818511533082	     0.000023329929853
195	 	 	 	 	    0.004795181603230	     0.000023104025895
196	 	 	 	 	    0.004772077577335	     0.000022881397612
197	 	 	 	 	    0.004749196179724	     0.000022661981829
198	 	 	 	 	    0.004726534197894	     0.000022445716891
199	 	 	 	 	    0.004704088481003	     0.000022232542617
200	 	 	 	 	    0.004681855938387	     0.000022022400257
201	 	 	 	 	    0.004659833538130	     0.000021815232455
202	 	 	 	 	    0.004638018305675	     0.000021610983207
203	 	 	 	 	    0.004616407322468	     0.000021409597823
204	 	 	 	 	    0.004594997724645	     0.000021211022890
205	 	 	 	 	    0.004573786701755	     0.000021015206237
206	 	 	 	 	    0.004552771495517	     0.000020822096901
207	 	 	 	 	    0.004531949398616	     0.000020631645091
208	 	 	 	 	    0.004511317753526	     0.000020443802157
209	 	 	 	 	    0.004490873951368	     0.000020258520563
210	 	 	 	 	    0.004470615430805	     0.000020075753849
211	 	 	 	 	    0.004450539676956	     0.000019895456606
212	 	 	 	 	    0.004430644220350	     0.000019717584448
213	 	 	 	 	    0.004410926635902	     0.000019542093984
214	 	 	 	 	    0.004391384541919	     0.000019368942788
215	 	 	 	 	    0.004372015599130	     0.000019198089380
216	 	 	 	 	    0.004352817509750	     0.000019029493195
217	 	 	 	 	    0.004333788016555	     0.000018863114559
218	 	 	 	 	    0.004314924901996	     0.000018698914671
219	 	 	 	 	    0.004296225987325	     0.000018536855573
220	 	 	 	 	    0.004277689131751	     0.000018376900134
221	 	 	 	 	    0.004259312231617	     0.000018219012024
222	 	 	 	 	    0.004241093219593	     0.000018063155697
223	 	 	 	 	    0.004223030063896	     0.000017909296367
224	 	 	 	 	    0.004205120767529	     0.000017757399991
225	 	 	 	 	    0.004187363367538	     0.000017607433251
226	 	 	 	 	    0.004169755934287	     0.000017459363533
227	 	 	 	 	    0.004152296570754	     0.000017313158910
228	 	 	 	 	    0.004134983411844	     0.000017168788126
229	 	 	 	 	    0.004117814623718	     0.000017026220576
230	 	 	 	 	    0.004100788403142	     0.000016885426294
231	 	 	 	 	    0.004083902976848	     0.000016746375934
232	 	 	 	 	    0.004067156600913	     0.000016609040756
233	 	 	 	 	    0.004050547560157	     0.000016473392610
234	 	 	 	 	    0.004034074167547	     0.000016339403921
235	 	 	 	 	    0.004017734763626	     0.000016207047679
236	 	 	 	 	    0.004001527715947	     0.000016076297420
237	 	 	 	 	    0.003985451418527	     0.000015947127214
238	 	 	 	 	    0.003969504291312	     0.000015819511656
239	 	 	 	 	    0.003953684779656	     0.000015693425848
240	 	 	 	 	    0.003937991353808	     0.000015568845390
241	 	 	 	 	    0.003922422508418	     0.000015445746367
242	 	 	 	 	    0.003906976762051	     0.000015324105339
243	 	 	 	 	    0.003891652656712	     0.000015203899326
244	 	 	 	 	    0.003876448757386	     0.000015085105802
245	 	 	 	 	    0.003861363651584	     0.000014967702681
246	 	 	 	 	    0.003846395948903	     0.000014851668308
247	 	 	 	 	    0.003831544280596	     0.000014736981447
248	 	 	 	 	    0.003816807299148	     0.000014623621276
249	 	 	 	 	    0.003802183677872	     0.000014511567372
250	 	 	 	 	    0.003787672110501	     0.000014400799703
251	 	 	 	 	    0.003773271310797	     0.000014291298623
252	 	 	 	 	    0.003758980012174	     0.000014183044859
253	 	 	 	 	    0.003744796967315	     0.000014076019503
254	 	 	 	 	    0.003730720947812	     0.000013970204005
255	 	 	 	 	    0.003716750743807	     0.000013865580164
256	 	 	 	 	    0.003702885163644	     0.000013762130121
257	 	 	 	 	    0.003689123033522	     0.000013659836351
258	 	 	 	 	    0.003675463197171	     0.000013558681655
259	 	 	 	 	    0.003661904515516	     0.000013458649153
260	 	 	 	 	    0.003648445866363	     0.000013359722276
261	 	 	 	 	    0.003635086144086	     0.000013261884763
262	 	 	 	 	    0.003621824259324	     0.000013165120647
263	 	 	 	 	    0.003608659138677	     0.000013069414257
264	 	 	 	 	    0.003595589724420	     0.000012974750205
265	 	 	 	 	    0.003582614974215	     0.000012881113383
266	 	 	 	 	    0.003569733860832	     0.000012788488955
267	 	 	 	 	    0.003556945371877	     0.000012696862355
268	 	 	 	 	    0.003544248509522	     0.000012606219275
269	 	 	 	 	    0.003531642290248	     0.000012516545665
270	 	 	 	 	    0.003519125744582	     0.000012427827725
271	 	 	 	 	    0.003506697916857	     0.000012340051900
272	 	 	 	 	    0.003494357864957	     0.000012253204874
273	 	 	 	 	    0.003482104660083	     0.000012167273567
274	 	 	 	 	    0.003469937386517	     0.000012082245128
275	 	 	 	 	    0.003457855141389	     0.000011998106930
276	 	 	 	 	    0.003445857034459	     0.000011914846570
277	 	 	 	 	    0.003433942187889	     0.000011832451855
278	 	 	 	 	    0.003422109736034	     0.000011750910808
279	 	 	 	 	    0.003410358825226	     0.000011670211656
280	 	 	 	 	    0.003398688613569	     0.000011590342831
281	 	 	 	 	    0.003387098270739	     0.000011511292959
282	 	 	 	 	    0.003375586977779	     0.000011433050866
283	 	 	 	 	    0.003364153926914	     0.000011355605562
284	 	 	 	 	    0.003352798321351	     0.000011278946250
285	 	 	 	 	    0.003341519375101	     0.000011203062310
286	 	 	 	 	    0.003330316312791	     0.000011127943304
287	 	 	 	 	    0.003319188369488	     0.000011053578968
288	 	 	 	 	    0.003308134790519	     0.000010979959212
289	 	 	 	 	    0.003297154831308	     0.000010907074110
290	 	 	 	 	    0.003286247757198	     0.000010834913906
291	 	 	 	 	    0.003275412843292	     0.000010763469002
292	 	 	 	 	    0.003264649374290	     0.000010692729960
293	 	 	 	 	    0.003253956644331	     0.000010622687497
294	 	 	 	 	    0.003243333956834	     0.000010553332483
295	 	 	 	 	    0.003232780624350	     0.000010484655937
296	 	 	 	 	    0.003222295968413	     0.000010416649024
297	 	 	 	 	    0.003211879319390	     0.000010349303051
298	 	 	 	 	    0.003201530016338	     0.000010282609470
299	 	 	 	 	    0.003191247406868	     0.000010216559867
300	 	 	 	 	    0.003181030847001	     0.000010151145965
301	 	 	 	 	    0.003170879701037	     0.000010086359619
302	 	 	 	 	    0.003160793341418	     0.000010022192815
303	 	 	 	 	    0.003150771148603	     0.000009958637667
304	 	 	 	 	    0.003140812510936	     0.000009895686412
